
0.002480030059814453
0.001968860626220703
0.005922079086303711
0.005785942077636719
0.003864765167236328
0.007651805877685547
0.04348421096801758
0.006827116012573242
0.006779909133911133
0.00436091423034668
0.004323720932006836
0.0027039051055908203
0.0028543472290039062
0.025441884994506836
0.0036008358001708984
0.005123138427734375
0.0040171146392822266
0.002298116683959961
0.005942106246948242
0.002228975296020508
0.007163047790527344
0.0024750232696533203
0.01719975471496582
0.016269922256469727
0.0033240318298339844
0.0047779083251953125
0.002753019332885742
0.0026998519897460938
0.00510716438293457
0.005652904510498047
0.0030469894409179688
0.0027320384979248047
0.0021457672119140625
0.0023560523986816406
0.004764080047607422
0.0027549266815185547
0.004135847091674805
0.0031599998474121094
0.004036903381347656
0.006842136383056641
0.01694202423095703
0.009675025939941406
0.0026361942291259766
0.005290031433105469
0.002515077590942383
0.0027158260345458984
0.00857090950012207
0.0041961669921875
0.008937835693359375
0.00657200813293457
0.0033910274505615234
0.0029098987579345703
0.011610031127929688
0.003968000411987305
0.004065990447998047
0.007678031921386719
0.0021049976348876953
0.012171030044555664
0.002869844436645508
0.0023641586303710938
0.004129648208618164
0.0027861595153808594
0.002550840377807617
0.004655122756958008
0.0027239322662353516
0.0034499168395996094
0.002413034439086914
0.002579927444458008
0.005240678787231445
0.003972053527832031
0.002440929412841797
0.002610921859741211
0.003938913345336914
0.002900838851928711
0.008191108703613281
0.008148908615112305
0.002591848373413086
0.00799417495727539
0.003770112991333008
0.0026640892028808594
0.004752159118652344
0.002088308334350586
0.0022840499877929688
0.0026280879974365234
0.006468057632446289
0.014881134033203125
0.006695747375488281
0.0025217533111572266
0.004231929779052734
0.005331993103027344
0.0025360584259033203
0.0026607513427734375
0.002262115478515625
0.002259969711303711
0.003770112991333008
0.002877950668334961
0.02475595474243164
0.0023009777069091797
0.002875089645385742
0.003670930862426758
0.005644083023071289
0.006677150726318359
0.003438234329223633
0.0022780895233154297
0.0025658607482910156
0.004570960998535156
0.0024759769439697266
0.002824068069458008
0.007498025894165039
0.0036439895629882812
0.002456188201904297
0.00911092758178711
0.003901958465576172
0.0028412342071533203
0.003064870834350586
0.0036590099334716797
0.006845951080322266
0.0025670528411865234
0.002218961715698242
0.01600790023803711
0.001979827880859375
0.002129793167114258
0.004992008209228516
0.003780841827392578
0.013384103775024414
0.0022988319396972656
0.0038988590240478516
0.005980014801025391
0.004300117492675781
0.0024209022521972656
0.0031630992889404297
0.004067182540893555
0.00499415397644043
0.0025773048400878906
0.004136323928833008
0.005209207534790039
0.0023179054260253906
0.0035829544067382812
0.003208160400390625
0.0027608871459960938
0.004106044769287109
0.0025229454040527344
0.0024750232696533203
0.002657175064086914
0.0052127838134765625
0.0023119449615478516
0.008088827133178711
0.002232074737548828
0.0024030208587646484
0.004370927810668945
0.0035598278045654297
0.0029137134552001953
0.011761903762817383
0.003095865249633789
0.002191781997680664
0.010943889617919922
0.0025720596313476562
0.002819061279296875
0.004393100738525391
0.0029947757720947266
0.007970094680786133
0.006646156311035156
0.0028259754180908203
0.004050254821777344
0.01549077033996582
0.004334211349487305
0.002716064453125
0.002317667007446289
0.003209829330444336
0.012591123580932617
0.002583026885986328
0.0027437210083007812
0.002424001693725586
0.003786802291870117
0.002753019332885742
0.0029370784759521484
0.0030372142791748047
0.0029439926147460938
0.0033388137817382812
0.002704143524169922
0.0036232471466064453
0.0020389556884765625
0.0020380020141601562
0.0034990310668945312
0.002048969268798828
0.005280017852783203
0.002593994140625
0.002363920211791992
0.0031096935272216797
0.009778022766113281
0.002580881118774414
0.008589029312133789
0.003510713577270508
0.011959075927734375
0.0025839805603027344
0.0029959678649902344
0.0036170482635498047
0.0028100013732910156
0.004299163818359375
0.0030090808868408203
0.006954193115234375
0.0024709701538085938
0.0027561187744140625
0.003152132034301758
0.0022420883178710938
0.003591299057006836
0.007636070251464844
0.0030481815338134766
0.0029571056365966797
0.0075337886810302734
0.003975868225097656
0.003790140151977539
0.002917051315307617
0.0029036998748779297
0.00406336784362793
0.0041217803955078125
0.0025017261505126953
0.002482175827026367
0.002424955368041992
0.002590179443359375
0.002193927764892578
0.002405881881713867
0.0023241043090820312
0.00471806526184082
0.005589008331298828
0.0025739669799804688
0.003197193145751953
0.002749919891357422
0.003694772720336914
0.002088785171508789
0.0033249855041503906
0.0028121471405029297
0.004001140594482422
0.026688098907470703
0.002409219741821289
0.0231931209564209
0.0024671554565429688
0.003118753433227539
0.0027451515197753906
0.002076864242553711
0.0027370452880859375
0.0025811195373535156
0.0023889541625976562
0.017472028732299805
0.0024487972259521484
0.008048057556152344
0.003923892974853516
0.0025217533111572266
0.0033850669860839844
0.002471923828125
0.011011123657226562
0.002225160598754883
0.0025391578674316406
0.0032291412353515625
0.003081083297729492
0.002917766571044922
0.0026149749755859375
0.01684713363647461
0.004591703414916992
0.002960205078125
0.006834983825683594
0.002992868423461914
0.00476527214050293
0.01659703254699707
0.0028960704803466797
0.0022749900817871094
0.006632804870605469
0.0035042762756347656
0.0198209285736084
0.003960847854614258
0.003919839859008789
0.0021817684173583984
0.004186153411865234
0.0024340152740478516
0.026426076889038086
0.008677005767822266
0.00214385986328125
0.013357877731323242
0.003973245620727539
0.0019440650939941406
0.0030558109283447266
0.010037899017333984
0.003145933151245117
0.0037758350372314453
0.0027310848236083984
0.002196073532104492
0.002106904983520508
0.01840519905090332
0.005330085754394531
0.002804994583129883
0.002405881881713867
0.002637147903442383
0.006064891815185547
0.002190113067626953
0.003744840621948242
0.0023729801177978516
0.002974987030029297
0.002456188201904297
0.0031681060791015625
0.018845081329345703
0.0025959014892578125
0.0039250850677490234
0.0028591156005859375
0.021500825881958008