0.031145811080932617
0.023118972778320312
23.901846885681152
19.164833068847656
0.032601118087768555
0.034050941467285156
125.38874626159668 <False>
21.800030946731567
0.02455878257751465
17.078619956970215
31.14625096321106
0.03463435173034668
19.311725854873657
0.024761199951171875
0.03136014938354492
37.42231512069702
0.025134801864624023
24.220722913742065
14.742034196853638
0.02329707145690918
0.030510902404785156
32.30786895751953
25.725475072860718
0.02334427833557129
0.030820846557617188
28.084897994995117
34.177895069122314
0.02263617515563965
22.457513093948364
21.1655011177063
0.04140067100524902
19.340049982070923
0.027718305587768555
0.029797077178955078
22.90396022796631
26.866255044937134
0.030937910079956055
20.796931266784668
0.02782607078552246
0.02820301055908203
0.021488666534423828
10.515817165374756
17.463649034500122
0.03783869743347168
28.41879391670227
0.03262901306152344
49.92713785171509
0.03336191177368164
38.290120124816895
25.638516902923584
28.776437044143677
0.028891801834106445
23.39679527282715
25.034006118774414
0.027808189392089844
37.819458961486816
0.03147125244140625
0.029500246047973633
25.52356195449829
0.029739856719970703
0.02407670021057129
109.13320183753967
44.479291915893555
0.02967381477355957
0.03280210494995117
22.6010582447052
0.031571149826049805
25.59522819519043
0.10120987892150879
0.0010199546813964844
0.003123044967651367
0.0029540061950683594
0.0021109580993652344
0.001119852066040039
99.91395783424377
0.0009081363677978516
0.0008141994476318359
24.869837045669556
0.09102082252502441
0.0010547637939453125
0.0008668899536132812
32.68020820617676
0.0010559558868408203
41.362597942352295
0.0010046958923339844
24.958977937698364
0.0010380744934082031
33.323896169662476
0.07416009902954102
0.0010521411895751953
0.0027923583984375
0.0025479793548583984
0.002583026885986328
0.0027167797088623047
30.50011897087097
0.0010008811950683594
0.0008819103240966797
26.218491792678833
12.921765089035034
0.0009870529174804688
0.0008440017700195312
36.33993077278137
0.0009810924530029297
17.857577323913574
38.98941397666931
0.0010559558868408203
0.0008141994476318359
0.0008590221405029297
10.401386976242065
24.719592332839966
0.0009899139404296875
0.0009920597076416016
27.186940908432007
0.0010559558868408203
18.93102478981018
36.36348795890808
26.55370593070984
0.0010061264038085938
0.020376205444335938
25.015504121780396
0.0009980201721191406
0.0008499622344970703
0.0008578300476074219
24.834906816482544
0.0008969306945800781
0.0009169578552246094
38.17773985862732
0.0009670257568359375
80.52600598335266
0.0009851455688476562
0.0008540153503417969
39.35513401031494
31.44359803199768
0.0008587837219238281
False86.62071108818054
0.0008602142333984375
0.0009112358093261719
0.0007789134979248047
0.026542186737060547
0.002001047134399414
0.0009729862213134766
45.79590201377869
108.9670763015747
0.0009589195251464844
0.0007486343383789062
0.0007231235504150391
0.0007519721984863281
21.604357957839966
0.023246288299560547
0.0009770393371582031
0.0008161067962646484
0.0008189678192138672
0.00078582763671875
0.0008111000061035156
30.172436237335205
0.0009639263153076172
49.341254234313965
21.70368981361389
0.029389142990112305
0.0010290145874023438
31.308295965194702
0.0010077953338623047
14.421644687652588
27.294410228729248
0.0009081363677978516
0.0008230209350585938
21.573870182037354
0.0012459754943847656
20.74057912826538
15.978035926818848
24.113246202468872
26.56214690208435
34.18966627120972
0.0009367465972900391
24.704851865768433
21.16568088531494
0.0008740425109863281
0.0007297992706298828
0.023936033248901367
29.607900857925415
0.0009453296661376953
0.0008871555328369141
23.721296787261963
11.84442400932312
0.0008370876312255859
0.0007276535034179688
0.0007867813110351562
13.179939985275269
0.024922847747802734
0.0010099411010742188
24.055542707443237
0.00101470947265625
23.106221914291382
0.0009379386901855469
0.0007059574127197266
0.0009768009185791016
0.0007889270782470703
0.0008256435394287109
0.023400068283081055
0.0032346248626708984
36.13019371032715
22.65213108062744
44.35144400596619
0.0011572837829589844
42.48263192176819
0.0009281635284423828
0.0007836818695068359
0.000762939453125
34.26640295982361
0.0011451244354248047
0.0008590221405029297
0.0007612705230712891
25.860517024993896
12.121984004974365
0.0010340213775634766
0.0008120536804199219
0.0008909702301025391
0.0008029937744140625
0.029644012451171875
41.176141023635864
0.0010309219360351562
15.54686427116394
25.130481004714966
23.75408697128296
25.589842081069946
0.0008330345153808594
0.0007669925689697266
30.117132902145386
0.0009579658508300781
0.0008709430694580078
21.755599975585938
19.782249927520752
0.0008139610290527344
0.0007071495056152344
0.0007419586181640625
0.0007519721984863281
0.0008320808410644531
0.0007500648498535156
27.609830856323242
0.001077890396118164
24.785019874572754
22.3717200756073
False91.6724750995636
19.338274002075195
0.0010619163513183594
False92.83169198036194
0.0010008811950683594
34.103004932403564
25.797863245010376
0.00086212158203125
0.0007421970367431641
15.704135179519653
21.04479193687439
0.00098419189453125
0.0008821487426757812
0.0008471012115478516
20.343749046325684
0.0009000301361083984
23.160392999649048
0.0010120868682861328
26.61207914352417
15.82284688949585
18.229804039001465
0.0009348392486572266
21.514554262161255
0.0010540485382080078
0.0010521411895751953
23.581243991851807
0.0009491443634033203
0.0008680820465087891
0.0007569789886474609
15.214701890945435
0.0008268356323242188
0.0009038448333740234
0.0008778572082519531
0.0007200241088867188
0.0009219646453857422
0.000782012939453125
25.0342538356781
0.0010890960693359375
15.184386253356934
0.000804901123046875
0.0007891654968261719
0.0007100105285644531
39.53685998916626
0.0008919239044189453
0.0007460117340087891
0.0007297992706298828
19.626572847366333
28.700807094573975
0.0009510517120361328
21.883723974227905
False94.89037299156189
25.6604061126709
0.0009479522705078125
37.267963886260986
0.0010161399841308594
36.78638792037964
10.40741777420044
24.109671115875244
0.0009732246398925781
0.0008771419525146484
16.69396185874939
0.001035928726196289
0.00080108642578125
38.93117904663086
0.0009069442749023438
17.689989805221558
22.580132007598877
0.0009331703186035156
0.0008609294891357422
0.0009260177612304688
0.0008409023284912109
21.95481014251709
0.0009691715240478516
23.430145978927612
0.000885009765625
0.0008699893951416016
22.88122010231018
0.0009899139404296875
23.15912103652954
0.0009419918060302734
0.0007889270782470703
0.0006549358367919922
0.0007808208465576172
0.0007522106170654297
0.0007328987121582031
False81.00215291976929
0.0010700225830078125
25.35507893562317
0.0008530616760253906
0.0008020401000976562
0.0007166862487792969
0.0007770061492919922
0.0007688999176025391
0.0007500648498535156
15.38060712814331
0.0009968280792236328
0.022819042205810547
0.0009241104125976562
0.0007700920104980469
33.523082971572876
0.001116037368774414
26.30868101119995
24.901777029037476
0.023955106735229492
0.0027980804443359375
36.21112394332886
24.370455980300903
0.0009751319885253906
24.295833826065063
29.30863070487976
24.773975133895874
0.0009102821350097656
0.0009961128234863281
34.32099199295044
0.0008757114410400391
10.774495840072632
0.0009860992431640625
22.76485800743103
0.0009331703186035156
28.341503143310547
0.0009438991546630859
14.763517141342163
0.0010440349578857422
23.139002084732056
0.0009720325469970703
0.0012090206146240234
0.0009100437164306641
18.750277042388916
0.0009620189666748047
0.00086212158203125
22.330501794815063
25.825830221176147
77.61127805709839
283.94092321395874
0.0008809566497802734
26.465255975723267
0.0010569095611572266
0.0008478164672851562
50.91587495803833
0.0008230209350585938
0.0008461475372314453
17.084375619888306
71.0447678565979
0.027019023895263672
53.74600386619568
24.671263933181763
0.0009829998016357422
0.0007681846618652344
0.0009107589721679688
0.0006988048553466797
0.0008280277252197266
0.0007789134979248047
False49.14078116416931
30.757144927978516
28.729034900665283
False93.36771392822266
46.910250186920166
0.0008590221405029297
0.0008230209350585938
0.0007498264312744141
21.16682004928589
0.0009629726409912109
0.0008959770202636719
45.54506969451904
0.0009257793426513672
21.15944480895996
0.0008370876312255859
0.000782012939453125
36.1826491355896
0.0009520053863525391
24.460113286972046
0.0008399486541748047
0.0009491443634033203
0.0007851123809814453
0.0008118152618408203
0.0008330345153808594
0.0007669925689697266
0.0008208751678466797
0.0008399486541748047
0.0007271766662597656
37.626060009002686
0.0009529590606689453
0.0007238388061523438
0.023209810256958008
0.0008578300476074219
0.0007879734039306641
0.0007920265197753906
0.0008702278137207031
0.0007417201995849609
34.69493818283081
22.4822838306427
0.0009438991546630859
22.76802897453308
0.0008471012115478516
18.33621311187744
51.66137075424194
0.0008757114410400391
0.0006899833679199219
0.0007448196411132812
44.113182067871094
0.0008711814880371094
0.0006928443908691406
0.0007390975952148438
0.023254871368408203
0.0008671283721923828
0.0007088184356689453
14.109703063964844
21.820343732833862
0.0010640621185302734
0.0008931159973144531
0.0008211135864257812
21.588913202285767
0.0010089874267578125
18.697055101394653
0.0009100437164306641
38.27861404418945
12.532935857772827
12.782166004180908
22.401983976364136
False88.4618570804596
False114.76733303070068
11.962579250335693
30.564411878585815
32.823453187942505
14.089103937149048
15.651302337646484
24.471716165542603
15.99883508682251
0.0008687973022460938
0.0007288455963134766
False93.58123898506165
24.646118879318237
0.0007839202880859375
39.998175859451294
0.0008471012115478516
0.000743865966796875
0.0007989406585693359
0.0008881092071533203
64.53546476364136
False48.54632210731506
0.0008809566497802734
0.0008592605590820312
26.31491732597351
0.02575206756591797
0.001088857650756836
18.168112993240356
0.0010521411895751953
19.343981981277466
13.311418294906616
0.000993967056274414
0.0008721351623535156
0.0008971691131591797
14.956518173217773
0.00102996826171875
24.842741012573242
0.0009989738464355469
0.0009679794311523438
15.932772874832153
0.0008921623229980469
32.47995924949646
0.0010008811950683594
0.0007750988006591797
19.688393115997314
0.024785995483398438
0.000965118408203125
False89.86756205558777
28.81682300567627
26.75707697868347
20.9988009929657
0.000926971435546875
39.97541403770447
20.9874370098114
0.0010478496551513672
0.0009188652038574219
False88.61257791519165
18.228562116622925
56.886035203933716
0.0009238719940185547
0.0008540153503417969
0.0008540153503417969
10.971409797668457
0.0009899139404296875
19.29013991355896
20.17923879623413
0.0008988380432128906
0.0010731220245361328
0.0007750988006591797
30.426093101501465
0.0009691715240478516
0.0009281635284423828
21.585652112960815
0.0009541511535644531
0.0009448528289794922
24.95006513595581
22.15327215194702
False79.2910647392273
0.00096893310546875
0.0008039474487304688
47.16846585273743
0.0008218288421630859
17.968862056732178
0.000843048095703125
0.0008780956268310547
20.74523901939392
27.92518401145935
0.0009829998016357422
0.0009593963623046875
0.0008561611175537109
0.0007688999176025391
23.02173113822937
0.0009548664093017578
31.10749077796936
20.844024896621704
0.0009348392486572266
35.09606885910034
0.0009679794311523438
0.0008521080017089844
0.0008981227874755859
0.028657197952270508
0.0009570121765136719
0.0007469654083251953
18.992411136627197
35.11197781562805
0.0010309219360351562
26.042639017105103
0.000965118408203125
27.594893217086792
23.647491216659546
0.0009899139404296875
0.0010340213775634766
17.559006929397583
0.0008358955383300781
24.022905111312866
9.7471182346344
0.0010509490966796875
0.0009949207305908203
23.29769492149353
0.0009970664978027344
0.024273157119750977
18.17262315750122
0.00086212158203125
17.525203943252563
26.64594006538391
0.001027822494506836
16.495291233062744
0.00098419189453125
0.0008451938629150391
19.04254674911499
0.0009317398071289062
20.17341685295105
0.0009081363677978516
0.0009500980377197266
44.27477788925171
0.0009663105010986328
0.0009758472442626953
0.0008180141448974609
22.09789228439331
False198.91922783851624
0.020271778106689453
22.38213086128235
14.338921070098877
23.504843711853027
0.0010409355163574219
0.0008289813995361328
17.664227724075317
0.0008046627044677734
0.0009281635284423828
0.0008120536804199219
0.0010449886322021484
0.0008668899536132812
24.88210892677307
30.57294797897339
0.0008208751678466797
0.0007388591766357422
24.089611053466797
0.0009989738464355469
0.0009610652923583984
0.0008831024169921875
40.3694326877594
0.0008561611175537109
0.0009610652923583984
46.725632190704346
23.93838405609131
55.51552605628967
38.35787010192871
0.0010581016540527344
0.0009500980377197266
25.94530415534973
False89.43141198158264
24.195281982421875
0.0009210109710693359
22.362501859664917
24.486255884170532
32.19842791557312
0.0010256767272949219
